,0,1,2,3,4,5,6,7,8,9,10,11,12,13,14,15,16,17,18,19
PRJEB20161/ERR1901831,0.017512792478800596,0.024871520824946033,0.033569125407430386,0.03796835067690616,0.04559969463212201,0.05021054894046543,0.0545857345001547,0.06100691350451306,0.06244258728903989,0.060821599874498075,0.060081322953704386,0.059554393195869394,0.06012313542029352,0.06240568205999249,0.06044547412941616,0.06017519026415056,0.06538603031555815,0.07673992711533384,0.04564217309480117,0.000857803322004068
PRJEB20161/ERR1901830,0.01718758844636874,0.024809955988080532,0.034079615254463846,0.039151752631286556,0.04833015065480972,0.05432694652372475,0.05565370365601823,0.0633615727775229,0.0619562022051919,0.059972605843369005,0.06330305432910771,0.06280941598497249,0.06312974054017294,0.06358716571382979,0.06182264612377591,0.06081221707198636,0.06254598456705648,0.06786000445143944,0.03437451662100104,0.0009251606158214726
PRJEB20161/ERR1901834,0.013380223490717996,0.01947787245915139,0.026956910294021384,0.032583333209366676,0.04082589798953404,0.04672880639718311,0.05197774134992712,0.05619318124872639,0.05690240123282166,0.05716651226863091,0.06047558310219602,0.05925115921482093,0.061672780745984424,0.06844595821707661,0.06561817464922556,0.06706143095931982,0.07462315351233023,0.08377646353750927,0.05435115446364439,0.0025312616578120222
PRJEB20161/ERR1901833,0.018365539429559555,0.024470034432890073,0.03293475064219653,0.03742921345260353,0.04605113034275536,0.0512638727646312,0.05290276018389969,0.06147687863516498,0.06198998812439293,0.05912826203154985,0.06048127056095235,0.0604573779037796,0.06173510930738796,0.06465534740802209,0.0624156955511825,0.06278485208540678,0.06566057394373159,0.07241145783303782,0.041973456354181926,0.0014124290126737056
PRJEB20161/ERR1901836,0.015777754536395842,0.02273421844389736,0.03256006593052864,0.03696672546888353,0.04605293775097506,0.05175733516734746,0.05599529135297577,0.0617408192375349,0.061453867224391785,0.060611325433420335,0.06204612150217838,0.06299304823555142,0.06269851293372473,0.06390258940295632,0.060672708454210925,0.060714934709018585,0.06518681140498835,0.07468629176488607,0.04042979172136603,0.0010188493247687098
PRJEB20161/ERR1901842,0.01703512189017155,0.018957264562244742,0.026945359808913005,0.027910578082086766,0.037254786543992696,0.042298163588498375,0.04589679217657911,0.0529640366499034,0.047795311448715266,0.05303075775746417,0.06181130289373105,0.06283286040356592,0.06390803004439151,0.07626095365057706,0.06719712568485092,0.06680671485696149,0.07881701439525435,0.0883865551869315,0.05569651539692307,0.008194754978244113
PRJEB20161/ERR1901835,0.012543228788488335,0.017578034382976837,0.0254083009616731,0.02828474456426833,0.03751041660499742,0.04297868728229764,0.04820269395410462,0.05390960990367615,0.055467651474320076,0.056968468317424845,0.06116961125120811,0.05932885300231753,0.06430288842765584,0.07309067096128921,0.06740543872995299,0.06904564056798118,0.07721683525988218,0.08833130602495247,0.057727910637728454,0.0035290089028047616
PRJEB20161/ERR1901840,0.011571013404192976,0.016991724609065794,0.024327597097709347,0.029488089427505464,0.037423728048120206,0.04282497034215869,0.04836498550389485,0.0554586886068239,0.056046302946633084,0.05703396540347508,0.060279282607179976,0.05987838477148053,0.06385401633466978,0.07029140650638475,0.06529534612220317,0.06681646988141648,0.07348868964708012,0.09412351521629629,0.06466732234306455,0.0017745011806448
PRJEB20161/ERR1901845,0.01355853425280169,0.017939333338832828,0.023735966954489575,0.02954947397528706,0.03842984432253079,0.044347812566709124,0.05013130495174803,0.0563762400355515,0.05480001220212415,0.05719106319314946,0.06144123844918772,0.06105272240836491,0.06270457807092276,0.07049675575828135,0.06673031824924582,0.06860871950499318,0.07687290335323652,0.0864133116204579,0.055969169462435485,0.003650697329650264
PRJEB20161/ERR1901847,0.01870143778022826,0.02009404450134976,0.023374383461337512,0.02733212316265141,0.03466425067207273,0.039172495644392555,0.04289335853099268,0.047216614606310776,0.045790184023456804,0.051006830531461364,0.054886640615994374,0.05779028926445977,0.06176220269603236,0.07956284587851137,0.06895385770524479,0.0722125451157195,0.085363191885021,0.09259684456327819,0.06787413831542588,0.00875172104605891
PRJEB20161/ERR1901838,0.013091568240199296,0.019512756124604434,0.027479572145958885,0.03294975698273589,0.03984416183554884,0.04761168975335617,0.053098155448730665,0.05866019004824122,0.05997839882903474,0.05864456026945002,0.06237491910719518,0.061447641966968634,0.06374127059340196,0.06560291327415871,0.0663846247864344,0.06967285261041835,0.07427220066543429,0.08017350527019804,0.044440991832622116,0.001018270215308102
PRJEB20161/ERR1901844,0.015149896742585623,0.02086673228911178,0.02918508443732818,0.03311681720100678,0.040660195129976366,0.04650299404176874,0.048989587897633684,0.05426959477708737,0.055071370671681746,0.05541863130766173,0.05987666501565236,0.05981066661653096,0.06155916786825846,0.06772182997231442,0.0638400848057317,0.06562473593868302,0.07299131776070955,0.08587731335811465,0.06042315429455425,0.003044159873608787
PRJEB20161/ERR1901849,0.017559511204214607,0.018074084564428182,0.022030731209706653,0.021789880439465316,0.02668860090193096,0.03289409592712819,0.037203895079537114,0.0398344747333051,0.041795493764965455,0.04820444367306531,0.05113027191914195,0.056046437987824285,0.0610307526076737,0.06894084629590698,0.07105895219691026,0.08142254905653294,0.08976735412076205,0.11470136049359478,0.0930514261384536,0.006774837685452527
PRJEB20161/ERR1901832,0.01721047838219918,0.02370260739379388,0.03278862530411978,0.03665036622364155,0.045324891067970434,0.0495804487580938,0.053630929964843914,0.06297947346620639,0.061878977758530254,0.05969605412143077,0.06068246974198282,0.05987163305495534,0.062352677411780626,0.06317426787997557,0.06268333120003902,0.062236751083725235,0.06654406558889042,0.07647235504164966,0.0413492969576359,0.0011902995985357372
PRJEB20161/ERR1901853,0.046914637032894176,0.04846903379575799,0.04900608427264582,0.047774562824404454,0.048304430293797856,0.04952006989252116,0.050988482678723065,0.050117441655022396,0.051743218926775365,0.05185915141055631,0.05071580135662704,0.04872297237113561,0.051988915869583076,0.052547324488079826,0.052878825052779535,0.05325944788717427,0.052589610160015926,0.053179467818649,0.0456748856385997,0.04374563657425764
PRJEB20161/ERR1901843,0.015912720413955132,0.02201967746851498,0.030277830616569575,0.03409331012818805,0.04219374426454005,0.04809381786131505,0.05205293045091457,0.05695179472118742,0.0573508960614133,0.05594542627470515,0.05856006648004057,0.0572138256957442,0.0599144897216651,0.06406125130733259,0.06202951895616761,0.066724711301773,0.07247621913171097,0.08493219336693979,0.0569255655992065,0.0022700101781165526
PRJEB20161/ERR1901854,0.02180415672236791,0.024737231405644197,0.028444671909044136,0.03098972999236592,0.029486615517170325,0.03197143612181683,0.03514473772533716,0.040875511757614544,0.04527848549492927,0.04819954337795372,0.052119563453061506,0.051627686438669315,0.07370916215697186,0.06871354685215178,0.06575460785645,0.07744405737542012,0.0829427741583839,0.10020166637472365,0.0763693340968012,0.014185481213122518
PRJEB20161/ERR1901841,0.012681305040254566,0.019028709148496286,0.027357244693249225,0.032015798325080884,0.04086818907490762,0.04634546487330535,0.051998892881407535,0.05679754259002483,0.05779813916391801,0.05696874589984404,0.06041588133699961,0.05925433448744402,0.06298144627201589,0.06658093517367591,0.06437143532204768,0.06863931199055684,0.07437375838254136,0.08514550841489116,0.0549306789192127,0.0014466780101263866
PRJEB20161/ERR1901839,0.014568724026932474,0.02111313332919134,0.02898002246675711,0.03343581374416217,0.042819844867633586,0.04746631816497403,0.05202752541781334,0.05624175371179205,0.0562923153443037,0.05735764139070045,0.05966674882832054,0.05850402932217955,0.061286359298443116,0.06680462458183058,0.06402919603481148,0.06592357997228743,0.07268073075389442,0.08261574615270777,0.056313836078074,0.001872056513190865
PRJEB20161/ERR1901856,0.01466801919117109,0.020474994298074835,0.027654859586204113,0.03200829585507755,0.04067274438572759,0.04442581976108999,0.049387493913380105,0.05562963607184554,0.05492662412179539,0.055507060610231036,0.05946644940604008,0.05858436330140048,0.06053425223374163,0.06833116682869605,0.06551075810409468,0.06564263624882086,0.07426361126656328,0.08816536113809596,0.0605289983286678,0.0036168553492819393
PRJEB20161/ERR1901857,0.013432518396521338,0.018452056923216307,0.025222237103219896,0.028903396630057292,0.038056451028270356,0.04310084383019351,0.0496934914932145,0.05332793125393637,0.052811927133494675,0.05649769813697078,0.05933925620171372,0.05797543249489776,0.06245918946036646,0.07071092005122125,0.06665054619255292,0.07176666936058189,0.07796566379240216,0.09058514464672841,0.05954516442673161,0.003503461443708693
PRJEB20161/ERR1901837,0.017158533565984773,0.017462572219561767,0.02220517244711873,0.024790164294332843,0.03077310726884254,0.03426379797286151,0.035181558175124236,0.04048284146017454,0.04621342451871693,0.04977462133140138,0.05729536956411645,0.061362452700487125,0.06198549991572399,0.07165451906947276,0.07603989650658247,0.08038570274075786,0.0923447748238646,0.10854013974389141,0.06833192001923051,0.003753931661753588
PRJEB20161/ERR1901859,0.014682597968740692,0.020696455848982557,0.028022183885729572,0.03261924867616636,0.040594333844937554,0.04559706793168599,0.04903560101930436,0.053271959242018635,0.05461827387513425,0.05661742865704638,0.05950545341618053,0.05802328500196829,0.06159255816870206,0.07044037399427673,0.06473717446051032,0.06758165233885406,0.0753649883993061,0.08489164246853638,0.058018536558593556,0.004089184243325689
PRJEB20161/ERR1901846,0.014623537985958402,0.0203276092367563,0.028426735569898776,0.033632641904750675,0.041138652285825306,0.04686693887797028,0.05175182881875345,0.0552148994559219,0.056459864548382914,0.056953073580417096,0.059701819330081486,0.05853485574990321,0.061437909695567554,0.06865032979827418,0.06309760207529018,0.06644307961922546,0.07350671681499822,0.08482995810604445,0.055656266829777576,0.0027456797162026076
PRJEB20161/ERR1901850,0.012470725915412149,0.018582638340094534,0.027357619573709642,0.03174517185135322,0.0406194777373987,0.047352178641812806,0.05195949079377438,0.05798509432360718,0.060289029128426534,0.060287826803375744,0.06353638783995266,0.06364830707777273,0.06615075390459212,0.06830255050353233,0.06926245989657105,0.06909999610861968,0.07302614755250543,0.07692235433703777,0.040218595872875684,0.0011831937975756626
PRJEB20161/ERR1901863,0.01623416524314605,0.023168642899961442,0.031194751746149184,0.035392962438658665,0.04331881860005947,0.048929713102263656,0.05236823192455949,0.057617576188959276,0.05764166261080954,0.05789464050748674,0.06084381121767302,0.05900150056008218,0.06239290762341543,0.06579084895904162,0.06341083665063937,0.06636477827675019,0.07083370263774519,0.07855347832528929,0.04732604520867767,0.0017209252786324336
PRJEB20161/ERR1901855,0.0156415081013254,0.02131000924613585,0.03037999572900824,0.035180141940646656,0.04261328846113623,0.047029010572843255,0.05158486545058587,0.056185111038336163,0.05567932648541426,0.05661212027823565,0.058097694780850216,0.0586329658190008,0.06071219044605877,0.06777579240354821,0.0642638101368227,0.06549358904770737,0.07226329141678361,0.0841256608283298,0.054527169173551555,0.0018924586436796645
PRJEB20161/ERR1901851,0.013684165197796676,0.019732059340024196,0.028795169170950395,0.032560938869657934,0.041317622147795434,0.04805335344085482,0.05192461270712351,0.05691312499163139,0.05671929160848879,0.056591589099271644,0.05885658612708085,0.05777098865901899,0.06018725468043124,0.0657335394103966,0.06427816332997803,0.06781620187154117,0.07261862232600255,0.08694998186985141,0.05816568575601684,0.0013310493960875488
PRJEB20161/ERR1901848,0.015194253427170278,0.021093222388808213,0.027705476776738104,0.03256133160098694,0.04076141757907397,0.045463264774475286,0.05068066800240089,0.055235105941725336,0.05444581638499386,0.054593128292911124,0.05865016822783598,0.058800464076354975,0.0603038523261609,0.06760090118123843,0.06421038133707707,0.06552095935243935,0.0746520681326356,0.0878729164188878,0.061025446524410644,0.003629157253675282
PRJEB20161/ERR1901862,0.014003521034375344,0.01911064789111342,0.026656906873329788,0.03227620196315354,0.03953759858227531,0.045741474655342035,0.05068802068244804,0.05547691037272999,0.056106045120849234,0.058499739121907125,0.06264114688399315,0.0609454697912478,0.0644285023593959,0.07101125794436706,0.06651693104060175,0.06807950016168321,0.07523694288971959,0.0817996569159506,0.04805189220546006,0.0031916335100571538
PRJEB20161/ERR1901860,0.016586619245475505,0.021624181947138586,0.029455260589375358,0.03265065565879235,0.040142911426887334,0.04370736375090312,0.047213671924722644,0.05246997707495811,0.05292332854912209,0.05425483453873117,0.05767453663521695,0.057918350640264286,0.061523439144854565,0.06905043730706101,0.06568924872282451,0.06849550353702052,0.07636457510386806,0.08834774636059534,0.060363776530710386,0.0035435813114780747
PRJEB20161/ERR1901861,0.014821342693334526,0.02049427460885082,0.028823378632179097,0.03350245250748557,0.041458101451006445,0.04649782132322612,0.05046731682337437,0.055714987985727576,0.0558587398810705,0.056475633639771,0.06110347355762531,0.06047102077385298,0.061754865283233894,0.06918556762920178,0.06420750963017222,0.06547068196162208,0.07327996527872473,0.08318290045826546,0.05415331627729618,0.0030766496039792697
PRJEB20161/ERR1901858,0.014109292878773752,0.01938797303932933,0.02675002819680088,0.031974593942209986,0.04151322493426081,0.04650571725120085,0.05069187391184407,0.05578275821163647,0.05578173689853611,0.05682030245125556,0.06055277424690852,0.059734107212994485,0.06178386083364551,0.0684747865360136,0.06556046488315527,0.06736038845349822,0.07435965484804682,0.0832364679055722,0.056449173482370545,0.0031708198819469778
PRJEB20161/ERR1901852,0.01768880822205126,0.016917297343025703,0.021559674889768114,0.02422388189933068,0.030730301193142157,0.03336775561911001,0.03734129211568865,0.04343558138319889,0.04556344719664858,0.050568392148827836,0.05415389185632989,0.056500171525707785,0.06408234287057962,0.06980301104485527,0.07198612017668957,0.08203496880052692,0.09015456396574338,0.10671289008854863,0.07914029725812795,0.004035310402099079
PRJEB20161/ERR1901866,0.006627604939322267,0.010672789373163212,0.011777590355462896,0.019427425048641013,0.019449604881824574,0.02689613195450826,0.03299296470363777,0.0388743661493423,0.043153840202467056,0.044434203480628216,0.04803115206404815,0.050879164845950405,0.06209793483221678,0.06608465461976691,0.07545779564561217,0.08380151809961246,0.1010036651769572,0.14743853009881552,0.10676769752758371,0.004131366000439061
PRJEB20161/ERR1901864,0.014805224421465887,0.02032330107618584,0.027686735438394873,0.033474278203928606,0.039802810722773425,0.0454415435021697,0.050348439912113026,0.056332758397248835,0.055715569663150534,0.05620894575323945,0.05896135284115978,0.060263257249917115,0.06131130279577083,0.0699946942723829,0.06555822570735059,0.06633351425332164,0.07230139308021083,0.08283155244702242,0.05841277701262691,0.0038923232495665224
PRJEB20161/ERR1901865,0.017907259238065156,0.020622457132677647,0.023870250303668496,0.027553272320409702,0.03713764827834217,0.03846755118820093,0.04314464784738856,0.04599009666201435,0.04512494460795538,0.051509252606861754,0.0566776263950759,0.05645665287604278,0.06123983779199313,0.08011226661189452,0.0664275460878474,0.0692012732278654,0.08491520729687974,0.0946470984604115,0.06966190401116117,0.009333207055244232
PRJEB20161/ERR1901870,0.012706497513190798,0.019294760669162216,0.027855343828269354,0.0336473543327045,0.04170483489952522,0.0478038891808308,0.052537244876662496,0.05794625666570694,0.059380441300872194,0.057429442152357846,0.060302242493187,0.05889792823171768,0.06158658697962803,0.06513097507035397,0.06425886725622296,0.06781165700680915,0.0717961838912901,0.08328339757754728,0.055356830811250916,0.0012692652627105993
PRJEB20161/ERR1901869,0.015326178052171163,0.020938583037788068,0.028624204216752793,0.030916028659541177,0.0404374735299954,0.04410901513547633,0.04843103693077388,0.054475248195728306,0.05266807421140667,0.056211248584974255,0.05962630289630091,0.057595506674645004,0.06138581182037125,0.07228809643681866,0.06479061172097311,0.06665528808990226,0.07487491696687375,0.08597813326135569,0.05946978922075332,0.005198452357397929
PRJEB20161/ERR1901867,0.0142588207820623,0.020582026177152057,0.02763937316579519,0.03283495730666643,0.04088272409874784,0.046670557351925004,0.0506858457486037,0.05597436257063437,0.056732638847262075,0.05609684116584507,0.05908083128193139,0.0579222467477851,0.060351771832920294,0.06706074279372168,0.06386475204778189,0.06752003908211725,0.07474037703408208,0.08665061445098446,0.057782047846483324,0.0026684296674984944
PRJEB20161/ERR1901868,0.014352318534004151,0.02121504720815063,0.029232570316844137,0.03523075366524388,0.0428489508164056,0.04808316137502041,0.051940580982390835,0.05719894167780094,0.057849525531067494,0.056622160466349686,0.06033321969884717,0.059285187186634725,0.060938191248311895,0.0640352295959888,0.06362214700787615,0.0658942230141249,0.07260794882443501,0.08319408492750882,0.054334998488478815,0.0011807594345160514
PRJEB20161/ERR1901871,0.015647883935555756,0.02068951569531201,0.02773359301146026,0.033190444218481274,0.040367228057607965,0.04514148035664948,0.04984011918065625,0.05591921794677775,0.056632402343365106,0.05487004985160071,0.05842755941415511,0.05960563508276183,0.061024441652606225,0.06767748435891513,0.06586938238854752,0.06604436575266356,0.07442389160200084,0.08583366951598993,0.057481089658123444,0.00358054597676991
PRJEB20161/ERR1901872,0.011748941382944522,0.01593627244398666,0.01935665045000136,0.021412558072803223,0.02719520931272136,0.02997834273406808,0.03344617731871061,0.038037063031225476,0.03537847255929201,0.03969323058247415,0.039370218382832334,0.04633177471306081,0.05092495694600276,0.07034170348481139,0.07617303409407984,0.0952294958834615,0.11479004279637142,0.13887272614983226,0.09345756442567876,0.002325565235641606
PRJEB20161/ERR1901875,0.018263514008488992,0.025201989073490666,0.03366918996588703,0.038479010164308144,0.0454604776388899,0.050948553228882816,0.05557651438225454,0.06239727370462531,0.059561396753426976,0.05861000212995542,0.06093528574384313,0.05999680506738519,0.06200699779061616,0.0640835705223632,0.061623512833268924,0.06332607234993191,0.067755556358093,0.07194939611453278,0.038978597116975815,0.0011762850527801932
PRJEB20161/ERR1901873,0.015589849122170098,0.020862257502690388,0.029477513169398326,0.03314999001988621,0.04069427127922851,0.04560832161259631,0.049396183421431164,0.055573587783172104,0.0547417142267276,0.05594929354605936,0.05964057683144502,0.05772708850681497,0.06028081558785717,0.0681388456873186,0.0641001017194073,0.06710927663362162,0.07323165480044903,0.08560640785332403,0.06002553688540262,0.003096713810999639
PRJEB20161/ERR1901874,0.014027872071785687,0.019700667682365617,0.026950337126153065,0.032435550538570126,0.041388793271001305,0.04640146844575954,0.05170157033106694,0.05675440051364329,0.056606686101590316,0.0579419209620311,0.06294965876469914,0.06155083785653474,0.06367541904876031,0.06982731283016662,0.06672980690373088,0.066455770356243,0.07318550023949522,0.08159409284207561,0.047612031382007786,0.0025103027323197177
PRJEB20161/ERR1901876,0.01385450354350207,0.01937244356488594,0.027977228413259152,0.03173103068795517,0.0407701227031211,0.046392861437792934,0.05018652271272433,0.05544269620303687,0.0570236193460481,0.05741217064239649,0.06103066965321242,0.060164520898941344,0.06226331915510689,0.06833676875202672,0.06489158245373451,0.06621218174438105,0.07248701884346628,0.08395618904268183,0.057827958656151354,0.0026665915455755737
PRJEB20161/ERR1901879,0.012484821631268163,0.018550038658311074,0.025770320966225283,0.03035578684441103,0.03928743376847719,0.044017949394822814,0.04870044638566538,0.05435117709591424,0.05421226135825145,0.055637919548088305,0.05987370563056289,0.05996153570625494,0.06370386246070113,0.07023848451778814,0.06719246931453245,0.06878220233096505,0.07562289547602513,0.08836183431695029,0.059531648039746435,0.003363206555038452
PRJEB20161/ERR1901878,0.018035976165347817,0.018218592266540542,0.019781717773184333,0.023102345095015756,0.03051214384123329,0.03221774348330424,0.04000395553935894,0.04149921416077971,0.04007497708975544,0.04616545580700459,0.05171231236746382,0.05392500771487419,0.06318084306184263,0.09244094224847059,0.06859199330077177,0.07284071851461503,0.09401452045794512,0.0998995108805165,0.07950277473722431,0.01427925549475157
PRJEB20161/ERR1901885,0.015014333542861608,0.020769216449545134,0.027535293830212564,0.03213013621584251,0.03972580356212359,0.04540946256130861,0.04898214655172215,0.05382389402022771,0.054197250986729055,0.05527642638622368,0.0586851570163858,0.058194553141869255,0.06118933649823497,0.06942805059987431,0.06539508516690892,0.06752791240881396,0.07505323240645083,0.08868136684347123,0.05920254046401525,0.003778801347178868
PRJEB20161/ERR1901877,0.01564227661459672,0.02274549636250245,0.031150105773905958,0.03475344382092837,0.042717798809232065,0.0472180405506,0.04989813886335472,0.055292581759551755,0.055968530067145514,0.055385837658214115,0.058506092693079,0.05764018771450746,0.0614315191341195,0.06583634413916084,0.06340872249081617,0.06472567655402359,0.07113226131153581,0.08428741089124832,0.05976307854414233,0.002496456247335362
PRJEB20161/ERR1901886,0.011970685883134087,0.018238830320674283,0.027136345346691067,0.03189724611536355,0.03992998916067594,0.04620001773529427,0.0509850808386737,0.058195795881839714,0.057506272934319654,0.058052051738037236,0.060180837128908114,0.05938577099053634,0.06251684005759621,0.0657835795667518,0.06611747362816131,0.06788456653793531,0.07322386043907635,0.0869588493585717,0.05681335808961783,0.0010225482481416902
PRJEB20161/ERR1901881,0.015553251940118688,0.020867236140630043,0.028891341669165505,0.032990797133072104,0.0408990142744909,0.04698700757242357,0.050184922232956654,0.056868757168778525,0.056157990270336605,0.0551113715207718,0.057639271757586895,0.05770789285575763,0.06060270648117446,0.06820864794003863,0.06423053854834343,0.06619347070961336,0.07207492685687983,0.08665032666034925,0.05877087192836034,0.0034096563391516977
PRJEB20161/ERR1901880,0.00889421976598976,0.013460636088295383,0.019603610669356293,0.025065393812593328,0.02787609353833493,0.035381718588725984,0.0394600255890417,0.03622664575937878,0.04520993873404877,0.042527054871595124,0.04249488593347413,0.04637709149239683,0.05264644478902131,0.06157833613612133,0.06947499388420596,0.09192045103649314,0.10681101880626674,0.13605241125597256,0.09730916236451241,0.0016298668841755921
PRJEB20161/ERR1901883,0.013837143488481595,0.01675154873727077,0.021153674547153,0.02490562785983014,0.030088477008546936,0.03818835698268097,0.04341071707099263,0.04800882957143141,0.04594945576187824,0.0563032305369791,0.05705717850423661,0.05975102756738604,0.06295674680538961,0.09152985162203722,0.0628947128564555,0.06780230100110361,0.08400544617561485,0.09144988026203413,0.07105868160041022,0.012897112040087571
PRJEB20161/ERR1901888,0.012635879146608813,0.018156121724894187,0.024582195211419345,0.029267695141010748,0.03862204315383792,0.043018421530819376,0.0487541254744368,0.053015150754505296,0.054886353398647475,0.056908089438683855,0.05969204186288421,0.05833812001667735,0.062451101471420335,0.070643401621397,0.06503408140138987,0.06928460021265298,0.0756070395955214,0.09152051933678133,0.0639961687582478,0.0035868507481639756
PRJEB20161/ERR1901882,0.014937274784046373,0.02202981550088221,0.030264524186062854,0.034044991627975175,0.042107001774698484,0.047645583875995566,0.05204037088661935,0.05705649490303329,0.056711548057806746,0.05584137362049895,0.05866370807296143,0.057257262991794504,0.05961722013163716,0.06477528622656523,0.062294559693735194,0.06563100350535865,0.07296923346134582,0.08596195045713761,0.058007940445799044,0.0021428557960463247
PRJEB20161/ERR1901884,0.017679930561607073,0.02017614296913115,0.02307481777213575,0.026707770308293063,0.03449265726287516,0.03374558029007001,0.04024668523752688,0.045384098552410435,0.04235044025972478,0.04927791459489897,0.05755780999393745,0.05550023265086886,0.06210343774481501,0.08480624521098323,0.06566080649368618,0.07163897907005357,0.0840067737431768,0.09954289406016237,0.0760983090325222,0.009948474191121073
PRJEB20161/ERR1901887,0.020834388502494004,0.02310020252480184,0.026125147751244093,0.030486169502160092,0.03718763820433429,0.038327002596638,0.04260705834476165,0.04708349554009704,0.04606872582497947,0.053476863429643876,0.05755599756495704,0.056636755486425286,0.06305696635996454,0.08157724829060607,0.0647542876246152,0.07089565058903462,0.07846236899487034,0.08785904139500153,0.06374943502008829,0.010155556453282784
PRJEB20161/ERR1901892,0.015635880971134105,0.021839129827921227,0.030303961182239613,0.03464118235471092,0.042226450718768786,0.047352411433724304,0.05182522239873527,0.05644635726857271,0.055807667503538924,0.05620898299577089,0.05913418081237867,0.057962512661108245,0.06086470831896476,0.06730062985280443,0.06320583316358228,0.06484696594759028,0.0724601259978189,0.08311014467760726,0.05591939281719094,0.0029082590958373856
PRJEB20161/ERR1901889,0.013880540943521124,0.020843674552309874,0.029928428023447657,0.03464280187878786,0.041208861410664425,0.04744675773175713,0.05151183602151931,0.05751732238268155,0.05676852155121124,0.05643162467192166,0.05988892271306528,0.05843764583590694,0.061284485798961445,0.06456536937554254,0.06440721369635241,0.06580647005210745,0.0711839044208611,0.08497801664298332,0.05807940312979341,0.0011881991666044451
PRJEB20161/ERR1901890,0.013287864160123123,0.018479253331693465,0.025959877198577834,0.030651571300024074,0.038654910288616576,0.04196747641624859,0.04670565684565685,0.05385159545486518,0.05476888087541277,0.053793567504784846,0.057226446948033874,0.05922157142388237,0.06129059462967474,0.07192714394753763,0.06735142072072069,0.06883973990116413,0.08015804000586191,0.09277345700354044,0.06072998726404764,0.0023609447795332494
PRJEB20161/ERR1901891,0.018160730968877922,0.02147686779682507,0.022569381978117687,0.026433781161896576,0.03766408143315628,0.03624353199194804,0.04022184404249321,0.04386866147875135,0.04167066688362784,0.048972530961323625,0.05795181969710275,0.054104966309042865,0.06209897425745923,0.081256878024781,0.06608547207687283,0.07088286939567578,0.08802226593394377,0.09950179983402369,0.07346304795022048,0.009349827823859912
PRJEB20161/ERR1901896,0.015621247005618646,0.020979900239591495,0.02889595252443768,0.03345466762185661,0.040148550934104,0.0446957989453507,0.0488557518854868,0.052772069635088334,0.053194495977122704,0.05455903425820655,0.05726116684111162,0.05719136114768807,0.06079545481964414,0.06891647663212942,0.06417557775720134,0.06621479529240863,0.07515769735324196,0.08950706657023454,0.06453873942326581,0.0030641951362111067
PRJEB20161/ERR1901893,0.01610131309279194,0.02104983359141751,0.028077597874122954,0.03175346195627433,0.03882923422167786,0.043260983821194636,0.04681409066937475,0.052545139832983125,0.05200013302823933,0.05408202821062258,0.055479299950365366,0.0580132391196197,0.06072319131019831,0.069491321914956,0.06375236718176515,0.067251192818808,0.07768230200369818,0.09264578486678754,0.06558513438049098,0.0048623501546118065
PRJEB20161/ERR1901894,0.014897571585002628,0.020976435377045667,0.028835780149272128,0.034028296838381426,0.040946295517428524,0.04517553372887874,0.049761870964444774,0.05446226848262627,0.05343591937788603,0.05539714743251026,0.05888764009844674,0.058658075120168233,0.06153328454766117,0.06760578602083318,0.06425466179810269,0.06652818960284178,0.07358105814785444,0.08758562192186169,0.060247421769353764,0.0032011415193997908
PRJEB20161/ERR1901897,0.015558728248257724,0.02200241050042675,0.02896397563395713,0.033472929265177725,0.0414831268998904,0.04576856209232188,0.04954151216586617,0.05615032817386407,0.054994438471606365,0.05455853490293616,0.05796708902321716,0.058771097933490675,0.06095411690376168,0.06665769553306451,0.06458074687177708,0.0656823827319048,0.0724757621839638,0.08671582372704427,0.060850239278830986,0.002850499458640671
PRJEB20161/ERR1901895,0.01836712351702855,0.02193052516194534,0.023423697938284478,0.02580785016084661,0.03398971196304917,0.036734855207061,0.04180636899217494,0.04502171792912243,0.04558467107580331,0.05025797587358005,0.056215234306050466,0.05570890027392989,0.06132575484780709,0.07880456939552362,0.06667902961380558,0.07068499331627247,0.08518823081687944,0.09836733227133403,0.0746813026773447,0.009420154662156715
PRJEB20161/ERR1901898,0.016676838128241334,0.022581221800368645,0.031663239549565965,0.03615312044542452,0.04415954190008734,0.048003143104363016,0.05219461389326662,0.05616239196755612,0.05688406641112205,0.05633440782477941,0.05961188771080334,0.05836149641060193,0.0596846993863544,0.0652909525249764,0.06237051826028738,0.06463772576028319,0.06999501587837398,0.08194632239417977,0.0549164798206191,0.002372316828745439
PRJEB20161/ERR1901899,0.017159205243114137,0.02242388598581118,0.030303157456628253,0.035229808146134835,0.04233727626488341,0.04827778336142654,0.05284584776125123,0.05651988475129807,0.0570404951623201,0.05774730189242326,0.059707677674962274,0.05874865106295729,0.06132424816710438,0.06758737254079134,0.0636932117325013,0.06767320701543703,0.07218620043841853,0.07812524083218883,0.04845122151815531,0.0026183229921927418
PRJEB20161/ERR1901901,0.013647620992534481,0.01990343164897271,0.02879878938262239,0.03309668828357291,0.041104570516687144,0.047128419944273574,0.050750487716718674,0.05681993468590891,0.05738713887592487,0.05765948358975564,0.0606303574361865,0.05957736111915659,0.06163527401910172,0.06746679390234293,0.06409360810209688,0.06531978065317107,0.072050498465008,0.08336325043844764,0.05736114838490549,0.002205361842611974
PRJEB20161/ERR1901902,0.021056714167795584,0.030802198259947684,0.041327819528219456,0.04083908246884291,0.04896178585330119,0.050798942768060004,0.054646683930003215,0.060185061218174546,0.055764804612617284,0.05824592199434968,0.057658158511841626,0.05855351172322233,0.05982282854621044,0.06273549088011068,0.06074874058061994,0.061497235499870094,0.0650744631742606,0.07038557508349387,0.03947405553763198,0.0014209256614268995
PRJEB20161/ERR1901900,0.014684281138279867,0.020563105142684453,0.027252318043224935,0.03157141131999665,0.03996924928324094,0.044624340547099454,0.04853124002810109,0.05331077223416135,0.053902916908314294,0.055452806267334676,0.05925603617047391,0.05808439013452196,0.0610076247544104,0.07070612092409742,0.06516777226337696,0.06631404072076873,0.07673314418906306,0.08764360040766055,0.06053676617779485,0.004688063345394644
PRJEB20161/ERR1901904,0.01624546291255316,0.018679706092457535,0.02346345197041174,0.026565241937435598,0.035417476219035335,0.037512733269812346,0.04222220788258799,0.04567486702855144,0.044739284895154344,0.05161692498381285,0.05849388062742452,0.056632694864614655,0.06381243912395934,0.08433809346181873,0.06526928042036555,0.07112828288334766,0.08534939910171978,0.09120845738611151,0.07101236065778639,0.010617754281039213
PRJEB20161/ERR1901905,0.01640827968240614,0.016908412220242794,0.020007455322286392,0.02417004077132508,0.02978267468013589,0.035082843575295695,0.03894937996026375,0.04188747888705201,0.04169908494987269,0.0500205173696031,0.0536609360418269,0.05604019748882174,0.06319895553478573,0.09204341756366653,0.06943699520680924,0.07146124859626728,0.09294140103382936,0.09843436034053732,0.07476661688319036,0.013099703891782067
PRJEB20161/ERR1901903,0.013992981173876316,0.01999113957402717,0.02629107014710879,0.031513359752363565,0.0408076725051282,0.04516708687956541,0.049870090796340354,0.056218267923063385,0.054817309299794184,0.05751025053123132,0.060767196254654134,0.05936523762972267,0.06310076533865235,0.0710388504513968,0.06410374365738569,0.06752117641025215,0.07474026550515828,0.08318131455732286,0.05615391220015646,0.003848309412799717
PRJEB20161/ERR1901907,0.01499323843170765,0.020055369050108088,0.0276003434612884,0.03129333023835856,0.039621709857295864,0.04460942232469607,0.04826391841254473,0.053502931333268014,0.053708259732812,0.05545417298137782,0.058058569802716925,0.058730543335896335,0.06099947371551407,0.07101647230145837,0.06448242860597383,0.0667678264075071,0.07581018267935152,0.08856029375141031,0.06213284647468877,0.00433866710202566
PRJEB20161/ERR1901910,0.012723414760033996,0.017279499349354095,0.02391824374544313,0.028803829557001337,0.03793761247514049,0.043093275006285604,0.04934622102791009,0.055021575432215024,0.05565317351413316,0.056225407340648154,0.06006940775557333,0.05904311585751713,0.06324635247307533,0.07056975786293603,0.06900005237893188,0.06919996625766302,0.0798100405211359,0.08925352797734852,0.05632173444239452,0.0034837922652594952
PRJEB20161/ERR1901909,0.014104718720502354,0.020143737976466146,0.027090895067450386,0.03145516121330994,0.04027622897280882,0.045090196773450116,0.04902327545382588,0.05521872061641213,0.05611985112391869,0.05486484555373327,0.056752249644769215,0.0567509747396972,0.059330405018301606,0.06836028463907531,0.06382158304595405,0.0661367684372004,0.07668966897700373,0.09034940958188252,0.06430567898504543,0.004115345459192859
PRJEB20161/ERR1901906,0.014263878586651957,0.021068954019834732,0.029653781424806753,0.03517809492933406,0.043462559547245615,0.04669424572983166,0.051582039630858084,0.056246958217235916,0.05688852991914498,0.05581652342814675,0.057731095736607715,0.05770859089605604,0.0596994904604518,0.06551984865096934,0.06348688728876811,0.06661765822437363,0.07216979872732812,0.08589325001292694,0.059045410196255976,0.0012724043731716865
PRJEB20161/ERR1901908,0.014183298026393256,0.020935409450150006,0.030498534845859786,0.03495969277830375,0.042122607914254984,0.04841289999518014,0.051847431866502564,0.05841908843268654,0.058178446328027426,0.05658056727133045,0.05997703474963863,0.05914118787849733,0.06094856554506692,0.0641144729005581,0.06370093564869148,0.06521446895015472,0.06946427673152536,0.08304868021863769,0.05678589512811957,0.0014665053404211738
PRJEB20161/ERR1901911,0.01926598167750647,0.01752464283389467,0.024763594270122178,0.025284935198146872,0.02820089584432221,0.031930516546530445,0.03798083144492643,0.04288156630704601,0.044925745821763646,0.04693956806052951,0.05061094112810028,0.054739261115656704,0.05831590265352304,0.0634214437134127,0.07152227400619694,0.08477588741714791,0.09491656628604536,0.11540262371902675,0.08214867110544287,0.00444815085065897
PRJEB20161/ERR1901912,0.012240948912019605,0.017310550489920317,0.025347342111402247,0.030894984772841316,0.03881232997355907,0.045593363708900644,0.050689893833591675,0.05507161582929706,0.056475288441398874,0.05733895217056541,0.0613471642145595,0.060472194546989926,0.06376119420952278,0.07083070042497656,0.06703067379774097,0.06789836228624001,0.07401447375712263,0.08539257218199914,0.05712879011958928,0.0023486042177628132
PRJEB20161/ERR1901914,0.028328601043044632,0.027082482199938945,0.019128486285443176,0.022545442584206862,0.03415015736574201,0.030507590292802464,0.04412322049481888,0.05976270667791641,0.05949528733502254,0.05013672861569403,0.053605289770266906,0.05658301028300188,0.05908051463839747,0.07421870039381974,0.06920584725778263,0.07398685396170471,0.09422867447876064,0.0846866110650316,0.05285939905286091,0.006284396203743674
PRJEB20161/ERR1901918,0.013710779723501104,0.021003898441049634,0.029067752460137188,0.03328368655062546,0.04130690302444214,0.04684410555972226,0.050059826960437724,0.05593444404406912,0.05678938767833078,0.05557741340957281,0.05885790179457946,0.058728802917014086,0.06154130839256512,0.06526696904409088,0.06559814544803376,0.06728254818470254,0.07307560625258563,0.08590572669377969,0.05856162123228182,0.0016031721884788642
PRJEB20161/ERR1901925,0.01376861091345312,0.021042364780872718,0.029680085331346015,0.03567577899779345,0.044187989971117426,0.04999810705620197,0.0546509264204831,0.0609858364275457,0.06161653384543248,0.05936980153402334,0.06221698761391582,0.062080909620094125,0.06341332055844283,0.06533512900958371,0.0632651588455803,0.06355874391584036,0.06631840071721674,0.07559389731817119,0.04631887596922043,0.0009225411536651302
PRJEB20161/ERR1901915,0.015531079029841565,0.02174007064506191,0.03032559662738132,0.03544668119715971,0.04231904570985182,0.047899190051987964,0.05175915478737772,0.057783851710122486,0.057970591684103075,0.05685461531181256,0.060222596123181406,0.05888322695616171,0.06155804881728357,0.06503930228633617,0.064848110714932,0.06588034382931664,0.07042552251120321,0.08142525564662706,0.052951864778404086,0.001135851581853932
PRJEB20161/ERR1901919,0.01515558248083767,0.021599129678995025,0.03050079466661403,0.035526020883797645,0.043120330723263926,0.04832678002948023,0.052655958710744834,0.05810816340898689,0.05740920892901641,0.056930532339485904,0.05945633269343437,0.058810317093020294,0.061537169744014054,0.06612572084977766,0.06365895949573848,0.06352614166439621,0.07053281795469078,0.0813606494176371,0.05412933816047638,0.0015300510755920042
PRJEB20161/ERR1901916,0.018068156319375722,0.02556816558397333,0.034062638752209454,0.03808118911900317,0.04627927704732467,0.051524147610516595,0.05560486811825503,0.0627248801953297,0.061521001174159026,0.05937087652717583,0.060698289946091014,0.06007648546432487,0.060437595452635995,0.06247010424568005,0.060309233485438915,0.05957433644563344,0.06566199459463562,0.07353142769580487,0.04328542891367381,0.0011499033087589334
PRJEB20161/ERR1901921,0.01939880919242179,0.027909808251198077,0.037424877945054676,0.04146983182098822,0.050199686523653364,0.05416099810984293,0.056584370341589606,0.06421492208051585,0.060078098844356324,0.05887770901871718,0.06118230868702226,0.06015040444903969,0.05979952929438097,0.06132577652730224,0.05930398599422677,0.05973127068354014,0.062055123334626205,0.06941326111160197,0.03604347501735659,0.0006757527725651745
PRJEB20161/ERR1901922,0.012956011316316834,0.018367181523458065,0.026065031333097392,0.03149996129509503,0.040157699953778464,0.0464968711519734,0.052064555398296124,0.059118459341458186,0.059887485642487484,0.059058285770222006,0.0632671268693658,0.06207846438243015,0.06413911070119607,0.0701232738743264,0.06724340428443767,0.06622770992635447,0.07132703575425356,0.0794519284462183,0.04868887727586408,0.001781525759370676
PRJEB20161/ERR1901917,0.014793058033540885,0.021578430507983075,0.029388738289989506,0.034220501630517604,0.043460251225963656,0.047629176657105116,0.05173449301861723,0.058441822005999684,0.05806355526402471,0.057577971522394904,0.0616316077403555,0.061502300397066625,0.06266183349868305,0.06916991500674238,0.06491112684128571,0.06556054202012458,0.07073758391907801,0.07699442389244507,0.04785187650263192,0.002090792025450897
PRJEB20161/ERR1901923,0.01314256285490278,0.019691400740710793,0.028215389220864435,0.034423534562676224,0.041963044347243274,0.04759972144124942,0.0531755056945877,0.05774319651674885,0.05780224572766921,0.05839969154841125,0.061744424343100145,0.060875486098195146,0.06347823676516358,0.06751262411673463,0.06586124287247852,0.06688746137065815,0.0725642536888969,0.07975737303885977,0.04752239950693322,0.0016402055439160427
